46 658
366 53
366 309
1 29
366 298
1 29
366 80
46 344
176 60
366 180
1 372
366 29
46 44
46 11
366 4
46 629
366 629
366 41
366 224
366 681
1 6
366 43
366 372
366 464
366 248
366 330
366 48
46 320
366 13
366 95
1 168
46 320
366 523
366 44
366 290
46 819
366 264
366 159
366 4
46 395
46 629
366 372
366 290
366 298
366 114
366 180
366 28
366 60
366 372
366 924
366 22
366 465
366 43
366 416
46 629
46 44
366 13
366 924
366 43
366 52
366 386
46 22
366 344
366 57
366 50
366 372
366 49
366 372
366 50
366 309
176 48
366 52
46 195
366 44
366 386
366 165
46 11
366 48
1 6
366 170
366 23
366 49
366 97
366 165
1 72
366 4
366 261
366 263
46 629
366 7
366 28
366 23
366 420
366 290
366 1
176 60
366 344
366 681
46 22
366 224
366 243
366 60
366 523
366 166
46 195
366 44
366 11
366 465
366 279
366 252
176 60
1 29
366 52
366 420
1 1
366 924
366 309
366 80
366 45
1 1
366 53
46 320
366 28
366 629
366 165
46 263
46 263
366 27
366 264
46 395
366 252
366 27
46 22
366 290
366 681
366 48
366 372
366 658
366 97
366 27
366 60
46 22
366 420
46 264
366 27
366 41
46 819
366 57
1 87
366 23
366 165
366 50
366 243
1 248
176 48
366 597
46 22
366 263
366 330
366 330
176 60
366 195
366 170
176 60
46 264
366 45
366 605
46 195
366 80
366 42
366 53
46 819
366 28
366 170
366 252
366 523
366 174
366 50
46 195
366 523
366 70
46 13
366 52
46 395
1 6
366 166
46 629
366 80
366 159
366 97
366 344
366 114
366 195
366 70
366 372
366 395
366 320
366 42
366 57
366 416
366 416
1 72
366 60
176 48
366 7
366 224
366 248
366 42
366 681
366 159
1 72
366 195
366 95
366 45
366 395
46 166
46 263
176 48
46 11
176 60
46 22
46 13
366 87
366 264
46 195
366 330
366 97
366 658
366 629
366 97
366 386
366 6
366 11
366 605
366 279
366 416
366 86
366 98
176 60
46 344
366 23
366 180
46 819
366 344
366 464
366 263
366 597
366 344
177 147
366 629
366 298
366 309
177 147
366 372
366 195
366 279
366 395
366 45
366 224
366 87
366 681
1 1
46 320
366 28
46 658
366 252
366 180
366 330
366 330
366 50
366 98
366 924
366 924
366 87
366 48
46 658
366 263
366 72
366 344
1 6
366 168
366 681
366 80
366 147
1 6
46 658
366 41
366 87
366 43
1 87
366 279
366 264
366 372
366 248
46 629
366 924
366 95
366 681
366 21
46 13
366 21
366 42
366 465
366 298
1 29
366 224
366 180
366 605
366 290
366 60
1 6
366 320
366 924
366 252
366 252
366 13
366 172
366 72
366 298
366 180
46 320
177 147
366 252
366 416
366 629
366 166
46 22
366 22
366 170
176 48
46 13
366 252
1 72
366 465
1 72
366 1
366 629
366 95
366 261
46 13
46 344
366 605
1 29
1 1
366 159
366 6
366 50
366 248
366 70
366 21
366 617
366 924
366 48
1 87
366 172
366 464
46 11
366 60
366 263
366 658
366 7
366 41
366 224
366 29
366 248
366 72
46 263
366 597
366 166
46 44
366 1
46 320
366 617
366 49
366 60
366 86
366 464
366 172
366 28
46 166
46 819
366 48
1 72
366 172
366 72
366 924
366 263
366 22
366 252
366 1
366 290
366 248
366 617
366 1
46 658
366 243
366 658
46 819
366 7
366 180
366 924
366 465
366 57
366 21
366 44
366 658
366 48
366 658
366 6
366 170
366 681
366 224
366 27
366 22
366 42
366 97
46 166
46 22
366 395
366 681
366 43
366 106
366 106
1 29
366 43
1 87
366 48
366 23
366 597
366 43
177 147
366 45
366 97
46 44
46 658
366 372
46 264
366 7
46 344
46 395
366 617
1 6
366 42
46 166
366 50
366 180
366 416
366 57
366 464
366 4
366 80
1 6
366 1
46 629
46 11
366 114
366 261
366 41
46 22
366 180
366 465
366 45
366 243
366 87
366 11
366 80
366 4
366 7
366 465
366 416
366 11
366 159
366 523
366 1
1 168
366 41
366 80
366 420
366 243
1 72
366 330
366 7
366 21
366 13
1 6
366 320
366 13
366 49
46 195
366 165
366 166
1 6
366 195
46 22
366 70
1 248
1 372
366 11
366 6
366 243
366 106
366 309
366 263
366 98
46 264
46 195
366 57
366 617
46 264
366 45
366 22
366 60
366 658
46 344
1 6
46 344
1 248
366 27
1 87
366 159
366 1
366 159
1 29
1 248
366 147
366 7
366 290
366 50
366 924
366 170
366 13
366 605
1 29
366 86
1 168
366 629
366 11
366 681
366 629
177 147
366 195
46 344
176 60
366 252
366 72
366 27
1 29
366 43
46 344
366 172
366 372
366 72
366 114
366 6
366 344
366 45
366 98
366 523
366 41
366 465
366 1
366 22
177 147
1 87
46 819
366 23
366 166
366 248
366 95
366 248
366 605
366 13
366 42
366 97
366 60
366 106
366 72
366 70
1 87
46 819
366 147
46 344
366 7
366 7
366 372
366 43
366 924
46 629
366 248
366 43
366 98
366 605
366 53
366 80
366 681
366 106
366 95
366 168
366 11
366 386
46 819
366 170
366 106
366 309
366 420
366 166
366 41
366 50
46 264
366 263
46 264
366 42
1 6
366 170
176 48
366 298
366 27
46 819
46 13
366 243
366 48
366 21
366 819
366 195
366 264
46 629
46 22
46 344
366 261
366 416
366 195
366 180
366 166
46 658
46 22
366 41
366 344
366 86
366 48
366 43
46 22
366 172
366 605
366 261
366 344
366 416
366 395
366 617
366 106
366 86
366 416
366 681
1 29
46 819
366 23
46 395
366 420
366 98
366 281
366 13
366 174
366 309
366 106
366 41
46 13
366 97
366 95
366 252
176 48
46 629
366 372
366 95
46 320
366 195
366 87
366 172
1 168
46 263
366 98
46 320
366 147
366 159
366 98
366 617
366 416
366 11
366 50
46 195
366 279
366 48
366 80
366 1
176 48
366 330
46 344
366 49
46 344
366 924
1 6
366 290
366 629
366 27
366 98
366 87
366 52
366 165
366 27
46 11
366 344
1 248
366 330
366 605
46 629
366 48
366 320
1 1
366 330
366 29
366 98
366 114
366 464
366 372
366 617
366 4
366 464
366 279
366 464
366 72
366 86
366 43
366 53
366 395
366 7
366 52
1 372
1 248
366 819
366 523
366 248
366 11
366 27
366 168
46 264
1 72
366 252
176 48
366 57
366 6
366 629
366 279
366 86
1 87
366 195
46 264
1 1
46 264
46 819
366 29
366 819
366 464
366 395
366 50
46 263
1 168
366 42
1 72
1 29
366 49
1 168
366 290
1 168
366 53
366 261
46 344
366 29
366 50
366 605
366 87
366 159
366 605
366 174
366 386
366 97
1 372
366 386
366 681
366 344
366 13
46 658
366 23
1 87
366 165
366 23
366 464
46 44
366 42
46 344
366 248
46 320
176 60
366 617
366 23
46 344
366 50
1 29
366 114
366 330
366 22
366 330
46 395
46 263
366 72
366 43
366 172
366 42
46 195
366 45
366 330
366 290
366 309
366 465
46 344
366 23
366 41
366 7
366 49
366 80
366 243
366 57
366 330
366 290
366 243
366 53
366 180
366 170
366 42
46 13
1 372
366 1
366 386
366 243
46 44
176 48
366 617
1 72
1 87
366 86
46 263
366 98
366 60
366 44
366 263
1 6
1 87
46 344
366 261
366 523
46 22
366 87
366 21
366 605
366 465
366 290
366 309
366 523
366 170
46 264
46 629
366 95
46 13
366 7
366 523
366 168
366 681
366 243
366 86
366 298
366 87
366 168
176 60
1 87
366 41
366 180
46 13
176 48
366 114
366 106
366 50
1 29
366 224
366 386
366 1
366 264
366 263
366 330
366 281
366 70
366 658
366 70
366 523
366 7
46 195
366 11
366 29
366 195
366 49
366 263
366 98
366 605
1 6
46 11
46 22
1 168
366 416
366 597
1 72
46 629
366 195
46 264
366 617
366 98
366 281
366 49
366 395
366 261
366 43
366 195
366 290
366 98
366 52
1 372
366 372
366 263
366 49
366 29
366 681
366 43
366 6
366 86
366 386
366 298
366 97
366 924
366 11
46 11
46 263
366 11
366 43
366 298
366 386
366 11
366 172
366 386
366 309
366 252
366 80
366 28
366 629
366 52
366 290
46 658
366 44
366 165
366 70
366 320
366 298
366 386
366 6
366 386
366 344
1 248
366 13
366 523
366 29
366 597
366 97
366 224
366 97
366 97
46 344
46 629
46 195
366 290
366 28
366 53
366 6
366 7
366 23
366 320
366 420
366 252
366 298
805934 76
217774 350
672806 850
822182 248
556486 841
123077 413
929814 343
153922 590
819615 447
591649 789
516069 700
882438 172
599639 451
986200 634
17798 284
966496 87
954396 907
186028 837
168014 585
112557 875
105541 700
539229 343
228794 581
626371 804
428315 254
606742 130
951903 539
870313 961
982049 951
576812 279
571999 590
76340 657
788310 85
930259 332
685772 167
675842 812
228141 946
802824 238
854629 78
237199 551
663497 290
353772 646
902192 292
231792 174
122317 286
90182 459
895232 451
801157 750
729018 552
815425 449
412368 586
121041 641
735052 296
311990 512
21692 722
245507 927
760459 818
80237 497
420833 527
409934 175
906597 501
715681 306
933025 663
706742 672
608295 312
623035 727
581979 238
290222 739
85597 863
256317 778
715377 248
611240 985
171546 895
589478 866
731523 761
464563 468
896603 306
667617 745
406694 252
273287 85
425663 132
130883 929
227365 190
518837 982
60898 717
574808 467
982986 212
431440 968
652267 135
855751 990
12105 788
935922 744
429910 847
656663 928
877478 28
573619 769
72768 144
75430 770
335515 807
385923 885
121659 95
282953 268
512099 184
176663 131
609964 526
908923 130
272528 504
828228 758
259266 961
211830 610
79666 523
700440 149
95520 856
98076 443
581743 780
644996 969
962686 41
730651 626
254465 842
285773 562
436543 760
296261 226
770865 700
450098 497
239253 912
244970 441
199503 325
156053 159
918896 348
555276 527
306062 316
225443 174
171693 521
938664 1
171178 257
1431 392
386267 640
951227 699
635526 490
184510 930
822533 293
867880 231
334327 682
486072 513
667775 548
317376 924
454181 62
984918 258
383139 496
8375 630
791013 188
958649 477
253409 608
437519 969
778007 590
869768 977
885553 20
732867 905
307138 755
149715 290
571268 478
377119 704
525305 198
362280 269
157519 44
218165 270
103896 207
309857 493
797835 882
576116 777
341861 637
248561 587
213430 713
905686 62
22571 842
6005 459
913402 741
590403 780
954606 872
814201 572
568295 1
469449 156
307691 758
648646 696
541423 513
735598 585
261308 629
307549 380
9310 24
88004 865
296333 899
425535 279
930354 562
893047 225
334730 211
13228 200
770224 818
298610 642
951837 431
129812 583
27990 697
532460 794
536402 237
353658 801
294257 493
595768 441
116123 392
98701 55
768950 430
123321 850
498317 263
291565 619
526380 243
218525 875
128230 179
205271 934
239606 399
404345 494
449211 545
366344 549
251099 786
623080 27
204364 564
459829 668
467364 360
805166 609
446519 799
114679 21
128521 252
65053 338
658722 334
923266 354
620856 107
286996 782
294843 229
71536 70
113965 845
646589 153
930368 430
893547 863
738126 643
841402 499
984431 702
456129 45
849508 350
585086 612
223619 53
175301 76
655809 600
130121 209
523414 284
538291 252
756116 641
852820 718
805871 985
995147 586
343745 443
808639 926
253362 376
231862 64
902294 133
779560 502
313349 676
660585 809
234455 331
713298 464
595809 149
903299 162
178838 780
659244 983
282890 38
709889 606
237399 419
1650 297
962997 372
469223 932
207038 674
892254 923
910560 697
977473 545
364731 748
846385 363
258418 471
127214 159
132059 181
497940 52
736967 631
933504 600
75418 115
834454 909
995676 909
990378 162
406533 241
459174 988
494143 707
591822 993
885623 733
598831 41
863040 954
388376 901
271519 659
312317 197
372861 673
459500 74
405301 970
793925 97
312859 626
556262 130
858152 818
180338 873
735108 578
569820 259
638073 69
237800 705
833785 366
558999 851
865809 341
475726 105
629152 457
149151 87
381588 498
949857 643
8566 830
974088 969
673359 437
980067 953
562901 334
81617 208
774567 281
893946 141
533084 862
269979 573
65400 139
374756 250
644168 758
400299 31
558700 793
136028 935
698348 266
983837 44
557054 459
958887 209
677315 939
923923 471
879809 362
290331 362
213798 263
977411 546
178401 154
201323 549
784947 640
506919 110
888036 466
351483 886
104303 124
643737 294
373486 174
409090 615
119891 223
851427 104
266376 640
197151 994
747170 113
188198 11
167367 863
704895 146
1113 413
715630 630
150172 889
81245 800
625170 855
322297 916
329217 605
306238 859
294788 656
720343 24
478661 812
812269 102
97825 826
959810 615
237958 813
470155 788
704035 965
375876 737
450874 110
486342 966
929143 554
704887 297
302141 701
921370 275
27536 416
566202 159
704408 367
569817 702
154469 810
777426 880
342835 19
714439 126
817707 355
836210 786
819169 827
306572 842
822801 338
42190 741
992982 810
716775 85
340475 503
791037 941
104767 570
912009 252
269470 494
18245 581
49851 546
613478 38
579886 306
799766 130
661168 882
195319 574
949781 321
524672 277
280177 716
482705 927
818239 567
78543 282
17387 223
994553 231
425404 17
88785 960
259494 276
310782 172
532991 218
66974 649
330596 493
343408 612
105309 552
760747 141
756239 109
37905 78
640332 994
684404 8
294226 526
279521 759
636288 37
881981 961
705985 648
61392 920
131277 545
430030 44
76762 740
343242 347
501633 449
390845 970
579833 680
359867 938
503313 264
618125 236
932099 659
711611 556
693771 906
297961 676
264998 392
964627 566
785386 128
58548 759
556109 131
314945 248
85783 514
544272 488
667633 899
58461 436
614833 702
805234 287
637761 545
977746 969
920122 183
159883 143
573472 824
945295 420
438545 102
314907 257
878969 505
980495 70
122349 863
482376 756
508281 721
812717 842
427504 309
53910 269
366037 853
615494 987
295628 286
621148 881
448256 594
262538 366
581291 696
837414 523
966520 489
267794 49
760647 404
589022 669
233330 177
448283 921
285048 496
470365 701
898779 814
830049 610
581159 625
82329 788
150359 348
738807 843
993358 498
111033 575
545430 309
795433 41
49883 824
436002 659
619340 26
388975 33
790261 951
552521 37
69362 932
704786 785
823644 864
472363 26
794972 574
978896 155
834928 587
907941 166
311198 212
73662 317
211966 560
938997 144
390501 418
843798 438
991973 70
712128 574
579306 121
788511 562
207896 576
31336 599
104205 383
116826 39
433658 898
811531 205
870318 663
280108 815
222672 424
456157 400
843740 947
482313 600
848854 119
413341 707
555139 365
87935 148
370429 465
451214 568
326080 701
207890 46
286080 552
660078 630
340655 543
640670 870
339767 414
387689 78
392891 436
920146 871
457754 762
896167 883
859696 445
67420 413
134432 634
613956 279
600157 138
771083 90
3024 493
898776 283
420974 843
923476 616
719428 831
294543 141
43248 183
220670 668
529227 414
329903 587
215942 857
387256 731
15487 955
310010 344
714520 808
265044 445
578879 480
831030 503
879428 758
947270 22
95826 566
197332 404
355868 831
966166 141
506623 563
473567 615
698104 111
114777 578
25314 565
765103 187
955948 480
41991 596
12460 398
92441 527
866337 815
639087 670
52325 854
458978 920
915075 439
12576 424
905445 449
722734 542
356320 326
896690 847
160274 219
940874 317
564386 717
218889 39
721491 920
842426 152
963916 28
489278 387
996846 396
767212 230
146316 523
593881 83
44381 941
136862 68
881874 720
757457 799
128037 375
78201 700
581392 208
129709 523
693406 756
118517 320
681247 241
42573 827
390372 617
174896 902
719731 61
593272 769
577902 847
366193 535
870178 549
678430 295
186699 812
319612 172
447271 453
567529 264
132007 379
756356 572
234305 228
899257 393
100027 319
126706 957
161187 56
129901 709
921965 331
210222 567
789703 846
602246 896
568084 198
170407 452
184950 813
520645 981
852903 875
571960 822
808349 962
931682 797
133292 693
949389 231
800867 263
458853 364
49597 102
820865 688
20272 431
852515 368
778392 253
411703 649
970149 407
392524 92
857324 672
807776 275
266803 328
543976 49
80777 154
27573 363
360072 362
439928 320
742961 174
38440 152
186759 866
687125 831
971465 828
583077 598
334494 702
308169 505
16930 286
739057 553
814851 198
944349 221
104100 890
557413 659
415769 894
72355 379
341226 523
599987 916
475223 670
329353 617
175274 584
437765 311
214926 841
734265 887
52829 263
52498 224
845575 487
392491 604
515086 533
475931 107
467961 805
29617 530
396566 105
751409 109
594480 985
511524 426
615989 866
356161 85
196292 155
545731 884
859105 279
880659 59
328116 804
397001 857
228716 672
652879 387
20551 836
777415 956
552295 907
254189 165
946363 413
589021 686
176610 144
769794 654
474251 347
741192 274
347646 249
362447 144
421545 359
294116 668
738933 978
476166 425
18017 175
376390 183
918715 1
926805 392
355803 430
503037 375
901393 687
62554 492
852293 161
465770 838
16096 275
574621 609
629496 649
936712 716
542003 992
704192 581
456219 347
934864 855
932020 892
906986 189
695309 862
715924 561
649280 197
504990 992
736337 522
510971 141
105615 759
422117 106
707830 845
992986 730
186532 854
609048 5
297542 479
487303 263
773289 133
324457 688
531058 401
923962 722
541637 927
365449 524
306725 158
704958 241
996177 980
729234 167
51598 805
759983 144
278548 255
726932 75
331827 558
900286 139
685507 213
62482 435
479799 772
289194 476
830977 183
438168 647
633815 481
340933 160
393294 496
475478 846
911663 441
846848 949
120220 287
452358 135
72389 183
537717 208
18285 18
247198 759
962031 799
19013 16
840107 380
401499 5
790899 916
246392 824
653167 982
939425 291
689736 207
115836 2
818884 257
4182 441
942395 362
518282 899
426246 161
584756 846
213924 651
447200 805
431100 102
443952 400
391320 105
618150 930
579565 135
759415 885
351033 883
837325 316
689092 294
623928 483
658616 481
995773 251
596781 389
82017 167
1477 150
110580 314
71889 681
627461 712
649498 155
673509 567
450493 468
992753 82
307103 174
912004 705
492618 956
588451 256
114766 320
648620 787
950829 296
849572 485
880714 553
992222 718
654814 914
308744 851
122762 583
126583 37
453118 110
104021 898
240569 707
415190 296
731703 659
688473 74
45789 113
33287 539
808623 115
95915 141
956903 476
272737 240
164752 373
345524 626
108919 193
914424 673
928965 682
544535 128
204229 27
187518 289
268557 868
177547 695
473782 351
297127 243
741173 286
627176 569
405926 951
747574 139
64141 173
901408 265
645117 645
666453 734
442085 63
136612 847
60018 797
674344 968
995522 314
413039 85
961561 221
541957 941
458064 509
808747 793
703374 830
201288 748
813042 569
594917 593
667589 855
383701 512
608973 900
190338 396
183706 919
217126 239
892220 583
516624 724
333364 642
7424 264
153469 970
451260 952
328880 610
880768 63
806525 523
831330 944
944049 717
37766 510
870620 406
854670 85
391872 444
717643 640
696636 340
761800 875
9105 977
937466 479
200975 207
592771 39
438010 54
618401 139
896833 965
925555 434
474191 533
238578 183
241374 17
627558 348
653617 616
821704 989
296721 979
5045 430
63741 953
960559 807
431951 433
4922 92
980610 370
205279 870
880387 961
604847 131
7064 164
375020 63
83542 679
3690 33
457586 571
151741 648
47534 149
841383 506
465889 815
538723 532
248403 656
569054 812
286744 250
291455 870
589477 370
27641 727
715286 20
801001 737
19155 657
932613 988
326573 863
711968 715
268068 449
185934 727
